insert into OrderLine (orderID, menuItemID, quantity) values
(1, 2, 1),
(1, 122, 1),
(2, 187, 1),
(2, 194, 1),
(2, 362, 1),
(3, 518, 1),
(3, 512, 2),
(4, 635, 1),
(5, 638, 1),
(6, 325, 3),
(6, 312, 1),
(6, 309, 1),
(7, 49, 1),
(7, 50, 2),
(7, 51, 5),
(7, 52, 2),
(8, 325, 3),
(8, 312, 8),
(8, 309, 3),
(8, 235, 1),
(8, 284, 3),
(8, 280, 1),
(9, 726, 1),
(10, 674, 1),
(11, 613, 1),
(11, 614, 1),
(12, 525, 3),
(13, 400, 1),
(14, 305, 2),
(15, 234, 2),
#Panicccccccccc
(16, 56, 1),
(16, 55, 1),
(17, 505, 1),
(18, 506, 1),
(19, 507, 1),
(20, 670, 1),
(21, 653, 2),
(22, 525, 1),
(22, 526, 1),
(22, 527, 1),
(23, 349, 1),
(24, 359, 1),
(25, 360, 3);